OrderedDict([('encoder.0.weight',
              tensor([[[[ 0.0877,  0.1019,  0.0801],
                        [-0.1902,  0.1863, -0.1814],
                        [ 0.0557,  0.1505,  0.1341]],
              
                       [[ 0.1795, -0.0644,  0.1223],
                        [ 0.1432, -0.0326, -0.0037],
                        [-0.0598,  0.1723, -0.1139]],
              
                       [[ 0.1506,  0.1148, -0.0892],
                        [-0.1507,  0.0170,  0.0566],
                        [-0.1071, -0.0015, -0.1869]]],
              
              
                      [[[ 0.1841, -0.1009,  0.0875],
                        [-0.0251, -0.1258,  0.1865],
                        [ 0.0918,  0.0836,  0.1916]],
              
                       [[ 0.1072, -0.0427,  0.0152],
                        [-0.0080,  0.1223,  0.0680],
                        [ 0.1137,  0.1503,  0.1134]],
              
                       [[ 0.0733,  0.1653, -0.1267],
                        [ 0.1523, -0.0421,  0.0020],
                        [-0.1857,  0.0707, -0.0883]]],
              
              
                      [[[ 0.1351, -0.0887, -0.1353],
                        [ 0.0832,  0.0957,  0.1274],
                        [-0.1702, -0.0230, -0.0659]],
              
                       [[-0.0984, -0.0112,  0.1950],
                        [-0.0926, -0.0592,  0.2010],
                        [ 0.0972, -0.0859,  0.0688]],
              
                       [[ 0.0021, -0.0419,  0.0978],
                        [ 0.0343, -0.0312, -0.0978],
                        [ 0.1701, -0.0331, -0.1506]]],
              
              
                      ...,
              
              
                      [[[-0.1074,  0.0971, -0.1717],
                        [ 0.0495, -0.1404, -0.0873],
                        [ 0.0870, -0.1679, -0.1790]],
              
                       [[ 0.0571,  0.1463,  0.1910],
                        [ 0.0956, -0.0566, -0.1712],
                        [ 0.1528,  0.0110,  0.1187]],
              
                       [[ 0.0156, -0.0085, -0.0144],
                        [-0.1586,  0.1046,  0.1764],
                        [-0.1053, -0.1603, -0.1592]]],
              
              
                      [[[ 0.1195, -0.1172,  0.0496],
                        [ 0.0992,  0.1511, -0.0415],
                        [-0.0014, -0.1790, -0.1491]],
              
                       [[-0.1821,  0.1234, -0.1081],
                        [-0.1331,  0.1662, -0.0041],
                        [-0.0513,  0.1730,  0.1891]],
              
                       [[-0.1594, -0.0914,  0.1657],
                        [-0.1313, -0.1452,  0.0881],
                        [-0.1738, -0.1326,  0.0744]]],
              
              
                      [[[-0.1397,  0.0361, -0.1761],
                        [ 0.1361,  0.0556,  0.2013],
                        [-0.1385, -0.1813, -0.1115]],
              
                       [[-0.1132, -0.0748, -0.0785],
                        [ 0.0832, -0.1489,  0.1957],
                        [ 0.1677, -0.0032,  0.0227]],
              
                       [[ 0.1833, -0.1302,  0.0254],
                        [-0.0907, -0.1281,  0.0560],
                        [ 0.1415,  0.1093,  0.1466]]]], device='cuda:0')),
             ('encoder.0.bias',
              tensor([-0.1692, -0.0815, -0.1740,  0.1112, -0.0098,  0.0948, -0.0782, -0.0490,
                      -0.1192, -0.0909, -0.1293,  0.1948, -0.0320, -0.0103, -0.1793, -0.0232,
                      -0.1709,  0.1046,  0.0389, -0.1736, -0.1384,  0.1755,  0.1717,  0.0435,
                       0.1836,  0.0993,  0.0240, -0.1410,  0.1217,  0.1847, -0.1759,  0.1377,
                      -0.1326,  0.1995, -0.1284,  0.1270, -0.0040,  0.1919, -0.1627, -0.1122,
                       0.2115,  0.1572, -0.1777, -0.1255,  0.0415,  0.0028, -0.1580,  0.0107,
                       0.0741,  0.2035,  0.0729,  0.0734, -0.0948,  0.1019, -0.1589,  0.1502,
                       0.0340, -0.0263,  0.0182,  0.1253,  0.1458, -0.1437, -0.0735,  0.1871],
                     device='cuda:0')),
             ('encoder.3.weight',
              tensor([[[[ 2.4696e-02, -3.9125e-02, -2.5616e-02],
                        [-3.0248e-03,  9.8072e-03,  1.8097e-02],
                        [-2.9819e-02,  8.9382e-03,  1.8126e-02]],
              
                       [[ 1.6358e-02, -2.5199e-02,  2.8718e-02],
                        [-3.3610e-02, -3.6160e-03,  3.0035e-02],
                        [ 3.7160e-02,  1.3897e-02, -2.1174e-02]],
              
                       [[ 2.3956e-02, -1.3478e-02, -4.3036e-02],
                        [-1.4807e-02, -4.4479e-02,  7.6219e-03],
                        [ 6.5062e-03,  7.4385e-03, -4.0695e-02]],
              
                       ...,
              
                       [[ 2.6715e-02, -4.7890e-02, -2.6040e-02],
                        [-1.7563e-02, -6.5739e-03,  2.5109e-02],
                        [-3.3770e-02, -3.0806e-03, -3.5426e-02]],
              
                       [[-3.8785e-02,  8.3157e-03, -3.6353e-03],
                        [-3.9631e-02,  1.8705e-02, -3.4533e-02],
                        [ 1.1677e-02, -3.5206e-02,  1.3671e-02]],
              
                       [[ 3.2643e-03,  5.1626e-03,  4.1457e-02],
                        [-6.0604e-03, -1.7191e-02, -2.4686e-02],
                        [-3.0352e-02,  4.0632e-02,  3.7667e-02]]],
              
              
                      [[[ 3.5141e-03,  5.5357e-03,  3.3667e-02],
                        [-4.4712e-02, -9.0886e-03,  2.3689e-03],
                        [ 4.9061e-03, -2.6012e-02,  8.2633e-03]],
              
                       [[-1.7214e-02, -2.0406e-02,  1.3866e-02],
                        [-2.6408e-02, -2.1404e-02,  3.2369e-02],
                        [-2.2173e-02, -2.6915e-02, -1.4896e-02]],
              
                       [[-5.0961e-02, -4.2010e-02,  6.0304e-03],
                        [ 2.1025e-03, -2.0304e-02,  7.0965e-03],
                        [-4.2929e-02, -1.8620e-02, -3.0379e-02]],
              
                       ...,
              
                       [[-3.9120e-02,  2.6511e-02, -4.9051e-02],
                        [ 2.2784e-02,  9.6423e-05,  2.1937e-02],
                        [-1.1595e-02, -3.9596e-02,  2.8709e-02]],
              
                       [[ 3.0051e-02,  5.6736e-04,  1.6448e-02],
                        [-8.8611e-03, -3.4286e-03,  3.4097e-02],
                        [ 8.2571e-03, -1.3395e-02,  2.3627e-02]],
              
                       [[-3.2953e-02,  2.9504e-02, -1.7122e-02],
                        [ 2.4271e-02, -1.7156e-03, -6.4402e-03],
                        [ 7.0769e-03, -2.0144e-02, -2.8968e-02]]],
              
              
                      [[[-8.4767e-03, -1.4797e-02, -1.8274e-02],
                        [ 1.7557e-03,  3.6864e-02, -1.8600e-02],
                        [ 3.5571e-02,  3.6634e-02,  2.7952e-02]],
              
                       [[-3.1217e-02, -1.3104e-02,  3.1262e-02],
                        [ 2.9864e-02,  4.4463e-03, -1.4377e-02],
                        [-9.0044e-03,  3.9863e-02, -4.5670e-03]],
              
                       [[ 2.2175e-02, -3.6851e-02,  2.9980e-02],
                        [-3.0943e-02,  2.3964e-02,  2.2912e-02],
                        [-5.0937e-02,  2.0951e-02, -4.3811e-02]],
              
                       ...,
              
                       [[-2.8225e-03,  1.9989e-02, -3.8063e-02],
                        [ 6.2384e-03, -2.0686e-02,  1.9031e-02],
                        [-1.4477e-02, -4.3420e-02,  3.0223e-02]],
              
                       [[-2.4717e-02,  2.5230e-02,  3.2779e-02],
                        [-3.2103e-02, -2.1606e-02, -7.5074e-03],
                        [ 3.0693e-02,  2.3322e-02, -2.8449e-02]],
              
                       [[ 1.8846e-02,  4.4695e-03, -7.7200e-03],
                        [ 1.6455e-02, -9.5691e-03,  7.3205e-03],
                        [ 6.7393e-03, -2.7903e-02, -1.9247e-02]]],
              
              
                      ...,
              
              
                      [[[-2.5462e-02,  2.6736e-02,  7.1724e-03],
                        [ 3.5076e-02, -1.6991e-02, -2.0506e-03],
                        [-3.6670e-02,  1.4247e-02, -7.0086e-04]],
              
                       [[ 1.3474e-02,  4.2957e-02,  1.4686e-02],
                        [-1.2415e-02,  4.2485e-04,  2.3940e-02],
                        [ 2.6887e-02, -3.1883e-03,  3.7777e-02]],
              
                       [[ 2.1679e-02, -1.8076e-02, -4.0656e-02],
                        [ 2.2674e-02, -4.3519e-02, -1.0936e-02],
                        [-8.1491e-03, -2.0780e-02,  2.6389e-02]],
              
                       ...,
              
                       [[-2.1003e-03, -1.7887e-02, -2.7700e-02],
                        [ 2.8557e-03, -1.0095e-02, -1.8229e-02],
                        [ 7.2321e-03, -6.9341e-03, -2.1073e-02]],
              
                       [[-9.1870e-03,  2.9502e-02,  2.5265e-02],
                        [-4.2804e-02, -4.0136e-02, -1.0052e-02],
                        [ 8.0140e-03,  3.3391e-02, -1.3312e-02]],
              
                       [[ 3.7833e-02,  4.5421e-02, -1.4856e-02],
                        [ 4.6396e-02,  2.1701e-02, -2.2114e-02],
                        [-1.6315e-03, -1.2605e-02, -2.9658e-02]]],
              
              
                      [[[-2.6397e-02, -4.0565e-02,  1.6228e-02],
                        [ 5.2621e-03,  1.8613e-02, -4.2710e-03],
                        [-2.9620e-02, -3.9040e-02, -1.4480e-02]],
              
                       [[ 2.6702e-02, -4.5513e-02,  2.8669e-02],
                        [-9.3463e-04,  1.0211e-02, -4.0316e-03],
                        [-1.1539e-02,  8.4163e-03, -1.7365e-02]],
              
                       [[-1.0846e-02, -2.1712e-02, -4.7438e-02],
                        [ 2.1974e-02, -2.2518e-02, -1.2778e-02],
                        [-1.7687e-03,  1.4033e-03,  2.5821e-02]],
              
                       ...,
              
                       [[-5.5174e-02, -4.3549e-02, -2.1515e-03],
                        [-4.2394e-02, -3.9251e-02,  2.5179e-02],
                        [-5.2902e-02, -1.3050e-02, -4.8283e-02]],
              
                       [[-4.7342e-02, -4.6096e-02,  3.4214e-02],
                        [-3.8743e-02,  2.4439e-02,  4.3511e-03],
                        [ 7.6472e-03,  5.5526e-03,  2.5639e-02]],
              
                       [[-2.1945e-03, -2.6403e-02, -3.6183e-02],
                        [-1.4956e-02, -1.6590e-02, -1.3856e-02],
                        [-2.5466e-02,  2.4974e-02,  2.6019e-02]]],
              
              
                      [[[-4.1417e-02,  3.5336e-02, -3.6356e-02],
                        [ 8.4807e-03, -2.6552e-02, -3.8784e-02],
                        [ 1.8181e-02, -2.4195e-02,  3.2209e-02]],
              
                       [[ 2.0508e-02, -1.7724e-02,  2.0202e-02],
                        [ 3.0642e-02,  1.1757e-02, -4.2569e-02],
                        [-4.3513e-02, -6.9793e-03,  2.1454e-02]],
              
                       [[-2.5704e-02,  1.9193e-02,  9.6764e-03],
                        [-5.0785e-02, -2.2259e-02,  1.8579e-02],
                        [ 2.1385e-02, -4.5325e-02,  3.1125e-02]],
              
                       ...,
              
                       [[ 2.0265e-02,  1.5300e-02, -9.5521e-03],
                        [ 1.5063e-02, -2.1339e-02,  5.2979e-03],
                        [ 3.5631e-02,  2.8422e-02, -3.0537e-02]],
              
                       [[-7.1305e-03,  1.6233e-02, -3.6753e-02],
                        [-1.9088e-02, -1.2330e-02,  3.5857e-02],
                        [ 5.9446e-03, -6.7657e-03,  3.6929e-02]],
              
                       [[ 6.2816e-03, -2.7638e-02,  2.2314e-02],
                        [-2.8030e-02,  4.2594e-02,  8.0589e-03],
                        [ 1.0558e-03,  1.8146e-02, -2.8520e-02]]]], device='cuda:0')),
             ('encoder.3.bias',
              tensor([ 0.0403,  0.0267,  0.0479,  0.0444,  0.0597, -0.0169,  0.0057, -0.0097,
                      -0.0078,  0.0572,  0.0395,  0.0497, -0.0157,  0.0199, -0.0228,  0.0446,
                       0.0509, -0.0023,  0.0445,  0.0535,  0.0479, -0.0005,  0.0171,  0.0269,
                       0.0525, -0.0039,  0.0369,  0.0318, -0.0002,  0.0383,  0.0649,  0.0403,
                       0.0678, -0.0168,  0.0393,  0.0032,  0.0387,  0.0240,  0.0676, -0.0424,
                      -0.0049, -0.0403, -0.0128,  0.0408,  0.0393,  0.0162,  0.0213,  0.0244,
                       0.0560,  0.0035,  0.0458,  0.0182,  0.0179,  0.0648,  0.0059,  0.0221,
                       0.0635,  0.0317,  0.0033, -0.0020, -0.0123,  0.0387,  0.0379,  0.0681,
                       0.0320,  0.0571,  0.0293,  0.0085,  0.0202,  0.0114, -0.0084,  0.0360,
                      -0.0006,  0.0488, -0.0104,  0.0332,  0.0577,  0.0587,  0.0668, -0.0050,
                       0.0339,  0.0473,  0.0146, -0.0131,  0.0057,  0.0140, -0.0127,  0.0294,
                       0.0352, -0.0003,  0.0110,  0.0098, -0.0432, -0.0104,  0.0576,  0.0531,
                      -0.0144,  0.0679, -0.0253,  0.0605, -0.0127,  0.0510, -0.0025,  0.0665,
                       0.0576,  0.0093, -0.0066,  0.0624, -0.0285,  0.0470, -0.0009,  0.0360,
                      -0.0024, -0.0047,  0.0053,  0.0305,  0.0098,  0.0234,  0.0234,  0.0467,
                      -0.0010, -0.0120,  0.0123, -0.0007,  0.0407, -0.0124,  0.0430, -0.0041],
                     device='cuda:0')),
             ('encoder.6.weight',
              tensor([[[[-3.4116e-02,  1.4334e-02,  4.6249e-03],
                        [-1.7877e-02,  1.9626e-02,  2.7919e-02],
                        [-6.6560e-03, -1.2650e-02,  3.2350e-02]],
              
                       [[-1.7657e-02, -1.7256e-02, -7.9100e-03],
                        [-2.2157e-02, -1.9025e-02, -1.0152e-03],
                        [ 2.3296e-02, -1.6151e-02,  2.3796e-02]],
              
                       [[ 4.8215e-03, -2.2615e-02, -1.9075e-02],
                        [ 1.0387e-02, -1.2195e-02,  2.9833e-02],
                        [-2.3554e-02, -1.9828e-02,  1.1184e-02]],
              
                       ...,
              
                       [[ 1.8979e-02,  1.9421e-02,  1.4867e-02],
                        [-6.9257e-03, -3.6714e-03, -2.5377e-02],
                        [ 3.0282e-02,  2.3622e-02, -2.1537e-02]],
              
                       [[ 2.9724e-03,  1.3791e-02, -2.4830e-02],
                        [ 1.2523e-02,  1.7328e-02,  2.3158e-02],
                        [ 1.4060e-02,  6.7390e-03,  2.3702e-02]],
              
                       [[ 2.5282e-02, -2.3006e-02, -1.7492e-02],
                        [ 4.5705e-03, -1.1767e-02,  7.8280e-03],
                        [-1.1512e-02, -1.3854e-02,  2.4547e-02]]],
              
              
                      [[[ 7.2426e-03, -2.7299e-02,  2.4566e-02],
                        [-6.9129e-03, -2.2363e-02,  3.3053e-02],
                        [ 1.4075e-02,  1.7326e-02, -2.1538e-02]],
              
                       [[-9.7031e-04, -3.0581e-04,  3.2751e-02],
                        [ 5.1463e-03,  2.4187e-04,  7.4404e-03],
                        [ 3.2905e-02, -1.7970e-02,  1.0160e-02]],
              
                       [[-1.1702e-03,  9.9856e-03,  2.6845e-02],
                        [-1.5448e-02, -1.3292e-02,  4.8986e-03],
                        [-1.2376e-02,  1.6909e-02,  8.0337e-03]],
              
                       ...,
              
                       [[ 1.9468e-02,  7.5899e-03,  1.2194e-02],
                        [ 3.8541e-03,  2.5037e-02,  1.4329e-03],
                        [-2.0135e-02, -1.4837e-02, -1.3740e-02]],
              
                       [[-1.5779e-02,  1.2459e-02, -5.1856e-03],
                        [ 2.9795e-02,  1.4308e-02, -3.4956e-03],
                        [ 3.1200e-02,  8.7270e-03, -1.2876e-02]],
              
                       [[ 1.0471e-02,  2.3639e-02, -1.3908e-02],
                        [ 2.1837e-02, -5.3650e-03,  2.3893e-03],
                        [ 5.4313e-03,  3.3600e-02,  3.0321e-02]]],
              
              
                      [[[ 3.8181e-02,  3.1404e-02,  7.8175e-03],
                        [-5.4353e-03,  2.4803e-02, -9.4333e-04],
                        [ 3.7200e-02,  3.7399e-02,  1.3110e-02]],
              
                       [[ 2.8849e-02, -7.8279e-03,  8.9185e-03],
                        [ 2.4327e-02,  1.3469e-02, -3.8446e-03],
                        [ 3.8935e-02,  2.9445e-02,  2.3649e-02]],
              
                       [[ 1.1013e-03, -2.5736e-03,  2.5704e-02],
                        [ 5.6626e-03,  2.7191e-02,  1.2500e-02],
                        [ 1.2749e-02, -8.3058e-03, -3.3691e-04]],
              
                       ...,
              
                       [[-4.9802e-03, -2.1139e-02,  2.7443e-02],
                        [ 2.3648e-02, -9.5639e-05, -6.1811e-03],
                        [ 4.9226e-03, -5.7168e-03,  2.4780e-02]],
              
                       [[ 2.6578e-02,  3.0410e-02,  2.3671e-03],
                        [-9.3503e-03, -1.2925e-02, -2.8657e-03],
                        [-7.7821e-03,  3.4608e-02,  1.9148e-02]],
              
                       [[ 3.1791e-02,  2.2128e-02, -2.0610e-03],
                        [ 3.0879e-02, -3.9361e-03, -1.1477e-03],
                        [ 2.9158e-02, -1.0867e-02,  2.8356e-02]]],
              
              
                      ...,
              
              
                      [[[-1.3716e-02, -2.9048e-02,  1.6358e-02],
                        [ 2.1442e-02, -2.5601e-02, -2.5630e-02],
                        [-2.1572e-02,  2.4804e-02, -2.4189e-02]],
              
                       [[-1.8969e-02,  5.6072e-03,  1.6627e-02],
                        [-1.4875e-02,  3.1287e-03, -1.9938e-02],
                        [ 3.5474e-03,  7.7052e-03,  2.9637e-03]],
              
                       [[ 2.4279e-03,  8.1978e-03, -2.3809e-02],
                        [ 1.2689e-02, -2.5258e-02, -7.3242e-03],
                        [-6.9968e-03, -1.5782e-02, -3.3979e-02]],
              
                       ...,
              
                       [[-2.4614e-02, -1.6985e-02, -1.9006e-02],
                        [ 1.1660e-02,  2.1360e-02,  9.8653e-05],
                        [-1.0763e-03,  1.5313e-02, -1.4784e-02]],
              
                       [[-3.3124e-02, -3.1926e-02,  3.8649e-03],
                        [ 8.2231e-03,  2.0590e-02, -2.7919e-03],
                        [-6.1153e-03,  4.7837e-04, -1.6104e-03]],
              
                       [[ 8.6883e-03,  7.7259e-04, -2.8268e-02],
                        [ 3.8544e-03, -2.0422e-02, -2.0354e-02],
                        [-8.1334e-04, -1.6339e-02,  8.0245e-03]]],
              
              
                      [[[ 2.0937e-02,  1.9998e-02,  3.6275e-02],
                        [-6.8817e-03,  2.8356e-02,  3.6033e-02],
                        [-1.4594e-02,  3.2417e-02,  2.5442e-02]],
              
                       [[ 4.3687e-02,  3.7812e-02,  5.5545e-03],
                        [ 2.7317e-02, -8.2258e-03,  3.7892e-02],
                        [ 8.8429e-03, -5.4824e-03,  2.2662e-02]],
              
                       [[ 5.5135e-03,  4.8312e-03,  3.2256e-02],
                        [-1.8906e-02, -1.4665e-03,  2.5660e-02],
                        [-2.2270e-02,  3.1448e-02, -1.7607e-02]],
              
                       ...,
              
                       [[ 2.1670e-02,  3.6111e-02, -4.2344e-03],
                        [-3.5093e-04,  1.6349e-02, -1.1799e-02],
                        [ 2.9860e-02,  3.3544e-02,  2.3978e-02]],
              
                       [[ 1.5582e-02, -1.4701e-05,  2.6587e-02],
                        [ 3.6506e-03, -7.5744e-03,  3.7314e-02],
                        [ 1.4257e-02,  4.4253e-02,  1.1215e-02]],
              
                       [[-1.8736e-03,  4.7409e-03, -1.2459e-02],
                        [-1.7077e-02,  7.3497e-04,  8.9614e-03],
                        [ 1.3989e-02,  3.3833e-02, -1.2153e-02]]],
              
              
                      [[[ 1.8414e-02,  1.0783e-02, -1.2371e-02],
                        [ 2.1990e-02, -1.1961e-02,  2.3165e-02],
                        [ 2.0735e-02,  3.6949e-03,  1.2443e-02]],
              
                       [[-2.3829e-03, -1.6822e-02,  3.4152e-02],
                        [-1.7236e-02,  6.4038e-03,  4.1394e-02],
                        [-7.3780e-03,  1.9551e-02,  1.3875e-02]],
              
                       [[ 1.8970e-02,  2.2136e-02, -2.2899e-02],
                        [-1.0608e-04, -2.4396e-03, -9.1318e-03],
                        [ 2.8813e-02, -1.1459e-02,  2.9747e-02]],
              
                       ...,
              
                       [[ 1.8276e-02, -1.1711e-02,  1.6896e-02],
                        [-1.5104e-02, -5.8220e-04, -1.0485e-02],
                        [-3.3593e-03,  3.0063e-02,  8.5175e-03]],
              
                       [[ 1.7319e-02,  8.8958e-04,  2.7531e-02],
                        [ 2.9580e-03, -1.1043e-02, -1.0543e-03],
                        [-1.3496e-02,  7.0898e-03, -8.0703e-03]],
              
                       [[ 7.0695e-03,  1.6551e-02, -2.6655e-02],
                        [-6.6506e-03,  2.6724e-02, -4.7156e-04],
                        [-1.0638e-02,  1.5239e-02, -8.1056e-03]]]], device='cuda:0')),
             ('encoder.6.bias',
              tensor([-0.0203, -0.0145, -0.0017,  0.0252,  0.0402,  0.0305,  0.0185,  0.0117,
                       0.0328,  0.0084,  0.0363,  0.0075, -0.0251, -0.0235, -0.0055, -0.0045,
                       0.0352, -0.0191,  0.0468,  0.0406,  0.0293, -0.0001,  0.0091,  0.0010,
                      -0.0206,  0.0179,  0.0014,  0.0386,  0.0116, -0.0322, -0.0344, -0.0020,
                      -0.0113, -0.0220, -0.0107,  0.0148,  0.0486,  0.0330,  0.0220,  0.0205,
                       0.0188, -0.0121, -0.0081,  0.0055, -0.0069,  0.0277,  0.0296, -0.0215,
                       0.0307,  0.0454,  0.0411, -0.0014, -0.0217,  0.0315,  0.0065,  0.0233,
                       0.0154,  0.0180,  0.0262,  0.0394, -0.0003,  0.0288,  0.0392, -0.0065,
                       0.0440,  0.0292,  0.0144, -0.0299, -0.0256,  0.0080,  0.0080,  0.0140,
                       0.0179, -0.0227,  0.0296, -0.0253, -0.0334, -0.0131,  0.0008,  0.0486,
                       0.0130,  0.0201,  0.0141,  0.0126,  0.0509,  0.0266,  0.0293,  0.0114,
                       0.0102,  0.0192,  0.0010,  0.0224, -0.0169, -0.0163, -0.0029,  0.0083,
                      -0.0135,  0.0330,  0.0427,  0.0175,  0.0314,  0.0058, -0.0160,  0.0240,
                       0.0029, -0.0027,  0.0132, -0.0193, -0.0061, -0.0132,  0.0198,  0.0227,
                      -0.0026, -0.0238, -0.0109,  0.0017,  0.0206,  0.0207,  0.0155,  0.0393,
                       0.0166,  0.0202,  0.0344,  0.0142,  0.0492,  0.0299, -0.0251,  0.0257,
                      -0.0190,  0.0160, -0.0007,  0.0106,  0.0212,  0.0034,  0.0190,  0.0159,
                      -0.0067,  0.0402,  0.0232,  0.0011,  0.0006,  0.0179,  0.0209,  0.0296,
                      -0.0270,  0.0129,  0.0186,  0.0164,  0.0500,  0.0462,  0.0289, -0.0268,
                       0.0132,  0.0179, -0.0213, -0.0219,  0.0406, -0.0268,  0.0098, -0.0075,
                      -0.0159,  0.0155,  0.0448, -0.0306,  0.0063,  0.0097,  0.0128,  0.0030,
                      -0.0077, -0.0179,  0.0308,  0.0473,  0.0295,  0.0163,  0.0374, -0.0002,
                       0.0131, -0.0028,  0.0096,  0.0140, -0.0247, -0.0247,  0.0137, -0.0091,
                       0.0487,  0.0399,  0.0164,  0.0436,  0.0148, -0.0288,  0.0471, -0.0036,
                       0.0017,  0.0115,  0.0046,  0.0013,  0.0346, -0.0244,  0.0157,  0.0131,
                       0.0010, -0.0067,  0.0325,  0.0443,  0.0241,  0.0034,  0.0023, -0.0210,
                       0.0211,  0.0230,  0.0275,  0.0202,  0.0045,  0.0051,  0.0028,  0.0021,
                       0.0283,  0.0347,  0.0413,  0.0569,  0.0274, -0.0055, -0.0037,  0.0062,
                       0.0203,  0.0545,  0.0290,  0.0094,  0.0044,  0.0160,  0.0003,  0.0084,
                       0.0053,  0.0122,  0.0397, -0.0013, -0.0038,  0.0437,  0.0480,  0.0423,
                       0.0212,  0.0115,  0.0266, -0.0228,  0.0231,  0.0107,  0.0250, -0.0263,
                       0.0453,  0.0067, -0.0312,  0.0289,  0.0136, -0.0115, -0.0011,  0.0364],
                     device='cuda:0')),
             ('decoder.0.weight',
              tensor([[[[ 0.0225, -0.0367],
                        [-0.0078, -0.0295]],
              
                       [[-0.0012,  0.0217],
                        [ 0.0099,  0.0483]],
              
                       [[ 0.0020, -0.0414],
                        [ 0.0306, -0.0023]],
              
                       ...,
              
                       [[ 0.0092, -0.0045],
                        [-0.0113,  0.0039]],
              
                       [[-0.0125, -0.0228],
                        [ 0.0269, -0.0313]],
              
                       [[-0.0172, -0.0208],
                        [ 0.0149,  0.0470]]],
              
              
                      [[[ 0.0255,  0.0106],
                        [-0.0005, -0.0034]],
              
                       [[ 0.0338,  0.0190],
                        [ 0.0060,  0.0077]],
              
                       [[-0.0370,  0.0021],
                        [-0.0066, -0.0369]],
              
                       ...,
              
                       [[-0.0240,  0.0362],
                        [ 0.0275, -0.0065]],
              
                       [[-0.0064, -0.0034],
                        [-0.0156,  0.0180]],
              
                       [[-0.0230,  0.0407],
                        [-0.0349,  0.0178]]],
              
              
                      [[[ 0.0210, -0.0050],
                        [-0.0024,  0.0151]],
              
                       [[ 0.0176,  0.0130],
                        [-0.0151,  0.0014]],
              
                       [[ 0.0404,  0.0496],
                        [-0.0142, -0.0201]],
              
                       ...,
              
                       [[ 0.0138,  0.0143],
                        [ 0.0125, -0.0456]],
              
                       [[ 0.0231, -0.0246],
                        [-0.0067, -0.0312]],
              
                       [[ 0.0168,  0.0434],
                        [ 0.0080,  0.0342]]],
              
              
                      ...,
              
              
                      [[[-0.0240, -0.0408],
                        [ 0.0044, -0.0384]],
              
                       [[ 0.0179, -0.0096],
                        [-0.0319, -0.0073]],
              
                       [[ 0.0235,  0.0195],
                        [-0.0345,  0.0280]],
              
                       ...,
              
                       [[ 0.0024,  0.0484],
                        [ 0.0014,  0.0155]],
              
                       [[-0.0348,  0.0028],
                        [ 0.0079,  0.0032]],
              
                       [[-0.0042,  0.0062],
                        [ 0.0368,  0.0007]]],
              
              
                      [[[ 0.0492,  0.0203],
                        [-0.0054,  0.0169]],
              
                       [[-0.0186,  0.0294],
                        [-0.0019, -0.0168]],
              
                       [[-0.0138, -0.0156],
                        [ 0.0268, -0.0356]],
              
                       ...,
              
                       [[ 0.0184,  0.0091],
                        [-0.0130,  0.0390]],
              
                       [[-0.0173, -0.0315],
                        [ 0.0446, -0.0034]],
              
                       [[ 0.0117,  0.0357],
                        [-0.0176,  0.0152]]],
              
              
                      [[[-0.0069,  0.0294],
                        [-0.0008,  0.0296]],
              
                       [[ 0.0367, -0.0285],
                        [-0.0328,  0.0423]],
              
                       [[ 0.0034,  0.0196],
                        [ 0.0183,  0.0112]],
              
                       ...,
              
                       [[ 0.0091, -0.0313],
                        [-0.0028,  0.0150]],
              
                       [[-0.0381, -0.0111],
                        [-0.0249,  0.0095]],
              
                       [[ 0.0276, -0.0340],
                        [-0.0132,  0.0334]]]], device='cuda:0')),
             ('decoder.0.bias',
              tensor([-0.0340,  0.0274,  0.0204, -0.0188,  0.0443, -0.0368,  0.0365,  0.0184,
                      -0.0168,  0.0359,  0.0046,  0.0351, -0.0490, -0.0277, -0.0449,  0.0081,
                       0.0245, -0.0029, -0.0092, -0.0439, -0.0483,  0.0416, -0.0136,  0.0283,
                       0.0138, -0.0076,  0.0384,  0.0115, -0.0155, -0.0069, -0.0075,  0.0159,
                       0.0534, -0.0220,  0.0298, -0.0321,  0.0569, -0.0057, -0.0338,  0.0003,
                       0.0171, -0.0125,  0.0269, -0.0450,  0.0087,  0.0056, -0.0164, -0.0131,
                      -0.0069,  0.0028,  0.0223, -0.0115,  0.0253,  0.0021, -0.0056,  0.0144,
                       0.0480,  0.0095,  0.0084, -0.0107, -0.0353,  0.0264, -0.0074, -0.0052,
                      -0.0202, -0.0005,  0.0180, -0.0187,  0.0179,  0.0072, -0.0313, -0.0286,
                       0.0591,  0.0174,  0.0486,  0.0194, -0.0519, -0.0350,  0.0019,  0.0156,
                       0.0081, -0.0010,  0.0288, -0.0094,  0.0065,  0.0512,  0.0086, -0.0454,
                      -0.0424,  0.0239,  0.0343,  0.0338, -0.0307,  0.0604, -0.0152,  0.0178,
                      -0.0079,  0.0455, -0.0259, -0.0290, -0.0223, -0.0071, -0.0104,  0.0325,
                       0.0272,  0.0525,  0.0311,  0.0182, -0.0037, -0.0443,  0.0248,  0.0088,
                       0.0523,  0.0548,  0.0029,  0.0220,  0.0255,  0.0029, -0.0092,  0.0502,
                       0.0571, -0.0160, -0.0118,  0.0417, -0.0054, -0.0300,  0.0297,  0.0031],
                     device='cuda:0')),
             ('decoder.2.weight',
              tensor([[[[-0.0373,  0.0491],
                        [ 0.0410,  0.0608]],
              
                       [[ 0.0539,  0.0608],
                        [ 0.0339,  0.0127]],
              
                       [[ 0.0107,  0.0122],
                        [ 0.0629, -0.0441]],
              
                       ...,
              
                       [[-0.0527, -0.0031],
                        [ 0.0199,  0.0244]],
              
                       [[ 0.0365,  0.0342],
                        [ 0.0424, -0.0210]],
              
                       [[ 0.0536, -0.0492],
                        [-0.0216,  0.0228]]],
              
              
                      [[[-0.0196,  0.0182],
                        [ 0.0547,  0.0659]],
              
                       [[-0.0388, -0.0235],
                        [ 0.0058, -0.0345]],
              
                       [[ 0.0278,  0.0440],
                        [ 0.0369,  0.0051]],
              
                       ...,
              
                       [[ 0.0524, -0.0493],
                        [ 0.0501, -0.0475]],
              
                       [[-0.0315, -0.0461],
                        [-0.0300,  0.0213]],
              
                       [[-0.0044,  0.0079],
                        [-0.0489, -0.0444]]],
              
              
                      [[[ 0.0565, -0.0531],
                        [ 0.0047,  0.0545]],
              
                       [[-0.0388, -0.0551],
                        [ 0.0251,  0.0637]],
              
                       [[ 0.0546, -0.0268],
                        [-0.0061, -0.0469]],
              
                       ...,
              
                       [[ 0.0362,  0.0277],
                        [-0.0003, -0.0449]],
              
                       [[-0.0064, -0.0643],
                        [-0.0239, -0.0399]],
              
                       [[ 0.0461,  0.0401],
                        [-0.0611, -0.0250]]],
              
              
                      ...,
              
              
                      [[[ 0.0376,  0.0005],
                        [-0.0564,  0.0394]],
              
                       [[-0.0413,  0.0619],
                        [-0.0349, -0.0111]],
              
                       [[-0.0085,  0.0125],
                        [-0.0444, -0.0163]],
              
                       ...,
              
                       [[-0.0447, -0.0377],
                        [-0.0082, -0.0305]],
              
                       [[-0.0449,  0.0488],
                        [-0.0480, -0.0465]],
              
                       [[-0.0612, -0.0533],
                        [-0.0252, -0.0666]]],
              
              
                      [[[-0.0031, -0.0235],
                        [ 0.0287, -0.0105]],
              
                       [[ 0.0138, -0.0084],
                        [ 0.0077,  0.0020]],
              
                       [[ 0.0043, -0.0514],
                        [ 0.0652,  0.0513]],
              
                       ...,
              
                       [[ 0.0027, -0.0034],
                        [ 0.0405,  0.0584]],
              
                       [[-0.0603, -0.0198],
                        [ 0.0272, -0.0145]],
              
                       [[ 0.0030,  0.0466],
                        [-0.0285, -0.0393]]],
              
              
                      [[[ 0.0309, -0.0037],
                        [-0.0535, -0.0038]],
              
                       [[ 0.0016,  0.0204],
                        [-0.0336,  0.0202]],
              
                       [[-0.0354, -0.0574],
                        [-0.0556,  0.0489]],
              
                       ...,
              
                       [[ 0.0310, -0.0281],
                        [ 0.0361,  0.0228]],
              
                       [[-0.0054, -0.0182],
                        [ 0.0281, -0.0421]],
              
                       [[-0.0638,  0.0336],
                        [ 0.0253, -0.0114]]]], device='cuda:0')),
             ('decoder.2.bias',
              tensor([ 0.0777, -0.0183,  0.0420, -0.0451,  0.0583, -0.0236,  0.0157,  0.0261,
                       0.0024, -0.0423,  0.0450, -0.0683,  0.0252,  0.0099,  0.0442, -0.0492,
                       0.0157, -0.0112, -0.0576,  0.0485, -0.0286,  0.0346, -0.0393, -0.0005,
                      -0.0644, -0.0235,  0.0277, -0.0759,  0.0389, -0.0233, -0.0364,  0.0095,
                       0.0482,  0.0420,  0.0060,  0.0321,  0.0102,  0.0362, -0.0537,  0.0709,
                       0.0071, -0.0428,  0.0553,  0.0232,  0.0402,  0.0650,  0.0276, -0.0076,
                       0.0657,  0.0721,  0.0552,  0.0223,  0.0306,  0.0237,  0.0030,  0.0067,
                       0.0075,  0.0054, -0.0332, -0.0465, -0.0300,  0.0316,  0.0125,  0.0158],
                     device='cuda:0')),
             ('decoder.4.weight',
              tensor([[[[-0.0968, -0.4224],
                        [ 0.2807, -0.3394]]],
              
              
                      [[[-0.0428,  0.1413],
                        [-0.3105,  0.0440]]],
              
              
                      [[[ 0.2671, -0.3061],
                        [ 0.2325, -0.3276]]],
              
              
                      [[[ 0.2203, -0.0288],
                        [ 0.3891, -0.1440]]],
              
              
                      [[[ 0.0143, -0.1189],
                        [-0.4971,  0.0447]]],
              
              
                      [[[-0.3417,  0.3656],
                        [-0.1052, -0.2652]]],
              
              
                      [[[-0.3402,  0.2968],
                        [ 0.2124, -0.3891]]],
              
              
                      [[[ 0.0159,  0.1054],
                        [-0.0170,  0.1221]]],
              
              
                      [[[-0.2807,  0.4154],
                        [-0.0403, -0.4538]]],
              
              
                      [[[ 0.0823, -0.4560],
                        [ 0.1859,  0.3750]]],
              
              
                      [[[ 0.4483,  0.1019],
                        [ 0.3861,  0.4844]]],
              
              
                      [[[-0.0731,  0.1317],
                        [ 0.1111,  0.3580]]],
              
              
                      [[[ 0.4201,  0.3931],
                        [-0.1397,  0.1926]]],
              
              
                      [[[-0.3804, -0.4903],
                        [-0.3200, -0.3832]]],
              
              
                      [[[-0.3303, -0.2722],
                        [-0.5104, -0.3542]]],
              
              
                      [[[ 0.4790,  0.0155],
                        [ 0.4038, -0.2282]]],
              
              
                      [[[-0.0924,  0.1771],
                        [ 0.1948, -0.4607]]],
              
              
                      [[[-0.1190, -0.3970],
                        [-0.4618, -0.1556]]],
              
              
                      [[[ 0.3330, -0.1345],
                        [ 0.3264,  0.4107]]],
              
              
                      [[[ 0.2905,  0.3058],
                        [-0.3974,  0.4193]]],
              
              
                      [[[-0.1177, -0.3666],
                        [ 0.1835,  0.3548]]],
              
              
                      [[[-0.0443, -0.2866],
                        [ 0.0555,  0.3982]]],
              
              
                      [[[-0.1893,  0.3702],
                        [ 0.4128,  0.0431]]],
              
              
                      [[[-0.2740,  0.2197],
                        [-0.4036,  0.3707]]],
              
              
                      [[[ 0.3652, -0.2598],
                        [ 0.0222,  0.4105]]],
              
              
                      [[[-0.1085, -0.0508],
                        [-0.2256, -0.2803]]],
              
              
                      [[[ 0.2450, -0.0528],
                        [-0.2715,  0.0989]]],
              
              
                      [[[ 0.3966, -0.0916],
                        [-0.1632,  0.4480]]],
              
              
                      [[[-0.4119, -0.2731],
                        [-0.1526, -0.1212]]],
              
              
                      [[[-0.4273, -0.4716],
                        [ 0.1019,  0.1975]]],
              
              
                      [[[-0.3850, -0.3820],
                        [ 0.0753, -0.3564]]],
              
              
                      [[[-0.1117, -0.3218],
                        [-0.1007,  0.2381]]],
              
              
                      [[[ 0.0097,  0.2506],
                        [ 0.3224,  0.0777]]],
              
              
                      [[[ 0.0382, -0.4960],
                        [ 0.4054, -0.0203]]],
              
              
                      [[[ 0.0557,  0.4001],
                        [-0.0607, -0.3276]]],
              
              
                      [[[ 0.3717, -0.0677],
                        [ 0.3397, -0.1501]]],
              
              
                      [[[ 0.4132, -0.2001],
                        [ 0.0030,  0.1386]]],
              
              
                      [[[ 0.1071,  0.1583],
                        [ 0.2330, -0.3271]]],
              
              
                      [[[ 0.2381,  0.1842],
                        [ 0.0872,  0.0043]]],
              
              
                      [[[ 0.1150, -0.3179],
                        [ 0.0139, -0.1343]]],
              
              
                      [[[ 0.3866, -0.3648],
                        [-0.1044,  0.1115]]],
              
              
                      [[[-0.4244, -0.1005],
                        [-0.2474,  0.4312]]],
              
              
                      [[[-0.4048,  0.2698],
                        [ 0.2356, -0.3435]]],
              
              
                      [[[-0.0684, -0.2904],
                        [ 0.2658,  0.0429]]],
              
              
                      [[[ 0.3142, -0.0182],
                        [-0.4016,  0.1269]]],
              
              
                      [[[ 0.0467, -0.4631],
                        [ 0.0807, -0.2817]]],
              
              
                      [[[ 0.2050, -0.3433],
                        [-0.0161,  0.0286]]],
              
              
                      [[[ 0.4393,  0.4452],
                        [-0.1916,  0.0254]]],
              
              
                      [[[ 0.3228, -0.4426],
                        [-0.4976,  0.3271]]],
              
              
                      [[[-0.3619, -0.1385],
                        [-0.1965,  0.1418]]],
              
              
                      [[[-0.3210, -0.0236],
                        [ 0.0939, -0.0520]]],
              
              
                      [[[ 0.3620, -0.1745],
                        [-0.0042,  0.2320]]],
              
              
                      [[[ 0.1124,  0.1081],
                        [-0.4944, -0.1727]]],
              
              
                      [[[ 0.3241, -0.0605],
                        [ 0.1967, -0.1549]]],
              
              
                      [[[ 0.2234,  0.0738],
                        [-0.4794, -0.0412]]],
              
              
                      [[[ 0.0223, -0.3480],
                        [-0.1659,  0.4833]]],
              
              
                      [[[ 0.2533, -0.0853],
                        [-0.4896, -0.3801]]],
              
              
                      [[[-0.1933, -0.4332],
                        [ 0.3959, -0.0557]]],
              
              
                      [[[ 0.2715, -0.2044],
                        [-0.0935, -0.0092]]],
              
              
                      [[[-0.4458, -0.4530],
                        [-0.1836,  0.0801]]],
              
              
                      [[[-0.1169, -0.0965],
                        [ 0.3952,  0.0818]]],
              
              
                      [[[-0.2722, -0.0765],
                        [-0.1353,  0.4542]]],
              
              
                      [[[ 0.1018,  0.3246],
                        [-0.2801,  0.1550]]],
              
              
                      [[[ 0.0951,  0.3708],
                        [ 0.1812, -0.2118]]]], device='cuda:0')),
             ('decoder.4.bias', tensor([0.3903], device='cuda:0')),
             ('decoder.5.weight',
              tensor([[[[ 0.2120,  0.0457,  0.3424],
                        [ 0.1578, -0.1232, -0.1182],
                        [-0.0921, -0.0567, -0.1567]]]], device='cuda:0')),
             ('decoder